100.149 0.0309732 -0.259216 1.73306 2.61294 0.000444021 -0.000686272 0.00548329 -0.266138 1.79451 2.63754 -0.00382487 -0.0194005 -0.0254899 -0.00692132 0.0614486 0.024601 -0.00426889 -0.0187143 0.0668848 1.78641 0.282212 0.0830587 1.36487 -0.000656614 -0.0105406 0.278072 1.44266 0.412218 -0.118761 0.00138815 0.00549178 -2.86316
100.616 0.0175118 -0.244517 1.75646 2.61193 -0.00129494 0.000364225 -0.00863919 -0.248113 1.79446 2.5975 0.0269104 0.00372551 -0.026151 -0.00359564 0.0379934 -0.0144209 0.0282054 0.00336129 0.0462633 1.82628 0.284456 0.0726565 1.39134 -0.00269057 -0.0115582 0.278113 1.44266 0.412218 -0.118761 0.00138815 0.00549178 -2.86316
100.807 0.0138555 -0.24015 1.76352 2.6117 -0.0016865 0.000574672 -0.0149089 -0.238709 1.79447 2.59321 0.0240605 0.00320463 -0.0287644 0.00144121 0.0309473 -0.0184875 0.025747 0.00262996 0.0422753 1.82327 0.285114 0.0697613 1.39934 -0.00313204 -0.0117821 0.2781 1.44266 0.412218 -0.118761 0.00138815 0.00549178 -2.86316
101.734 -0.014369 -0.210124 1.81621 2.61191 -0.00698053 0.00342364 -0.0433284 -0.217044 1.90779 2.65984 -0.0186616 -0.00212016 -0.0289595 -0.00691968 0.0915754 0.0479296 -0.0116811 -0.00554381 0.0962943 2.84042 0.289577 0.0514265 1.46057 -0.0091426 -0.0115627 0.27792 1.44266 0.412218 -0.118761 0.00138815 0.00549178 -2.86316
101.955 -0.0200038 -0.202654 1.82842 2.61177 -0.0081204 0.00337278 -0.0497725 -0.203616 1.86835 2.59242 -0.0153188 0.0179044 -0.0297687 -0.000961476 0.0399218 -0.0193491 -0.00719838 0.0145316 0.0498081 1.43913 0.290451 0.0482184 1.47481 -0.0100954 -0.0117063 0.277303 1.44266 0.412218 -0.118761 0.00138815 0.00549178 -2.86316
102.2 -0.0256318 -0.195717 1.84064 2.61202 -0.00919787 0.00170186 -0.0566699 -0.19708 1.90813 2.65142 -0.0248926 -0.00256725 -0.0310382 -0.00136283 0.067487 0.0394007 -0.0156947 -0.00426911 0.0742948 2.43847 0.291269 0.0453578 1.4892 -0.0101686 -0.0114749 0.275311 1.44266 0.412218 -0.118761 0.00138815 0.00549178 -2.86316
102.397 -0.0320262 -0.189361 1.85265 2.61261 -0.0107003 -0.00107707 -0.0633433 -0.18879 1.90834 2.57723 -0.0287155 -0.00283623 -0.0313171 0.000571618 0.0556934 -0.035377 -0.0180152 -0.00175915 0.0638971 2.27864 0.292043 0.0428486 1.5035 -0.0100477 -0.0109106 0.272152 1.44266 0.412218 -0.118761 0.00138815 0.00549178 -2.86316
102.867 -0.0492376 -0.173934 1.87962 2.6137 -0.0159115 -0.0088698 -0.0759271 -0.168586 1.86893 2.54363 -0.00385532 -0.000348303 -0.0266895 0.00534807 -0.0106929 -0.0700682 0.0120562 0.0085215 0.029245 4.09797 0.293812 0.0383757 1.53597 -0.0105809 -0.00994448 0.262784 1.44266 0.412218 -0.118761 0.00138815 0.00549178 -2.86316
103.142 -0.0581255 -0.163713 1.89434 2.61355 -0.0188496 -0.0133161 -0.0876695 -0.165494 1.94839 2.59261 -0.00369777 -0.000314736 -0.029544 -0.00178097 0.0540498 -0.0209465 0.0151518 0.0130013 0.0616231 1.65185 0.29486 0.036728 1.55364 -0.0108442 -0.0101825 0.257474 1.44266 0.412218 -0.118761 0.00138815 0.00549178 -2.86316
103.52 -0.0672233 -0.14579 1.91547 2.61186 -0.0218111 -0.0196517 -0.0996082 -0.145164 1.94968 2.58448 -0.081534 -0.00609833 -0.0323849 0.00062673 0.0342118 -0.0273889 -0.0597229 0.0135533 0.0471129 3.82725 0.296467 0.0355177 1.57879 -0.010121 -0.011994 0.250517 1.44266 0.412218 -0.118761 0.00138815 0.00549178 -2.86316
103.76 -0.0698748 -0.136318 1.92549 2.61063 -0.0226598 -0.0225483 -0.104344 -0.136021 1.99071 2.61199 -0.0574172 -0.0474959 -0.034469 0.000297269 0.0652243 0.00136049 -0.0347574 -0.0249476 0.0737727 2.45064 0.297237 0.0354374 1.59064 -0.00933517 -0.0132747 0.24759 1.44266 0.412218 -0.118761 0.00138815 0.00549178 -2.86316
104.278 -0.0738275 -0.115876 1.94885 2.60877 -0.0243266 -0.0284498 -0.106393 -0.112722 1.94828 2.57059 -0.025321 -0.044093 -0.0325651 0.00315352 -0.000563832 -0.0381815 -0.000994393 -0.0156433 0.0327223 2.38524 0.298909 0.0366054 1.61872 -0.00767972 -0.0152238 0.241647 1.44266 0.412218 -0.118761 0.00138815 0.00549178 -2.86316
104.733 -0.0753565 -0.109438 1.96206 2.6105 -0.0255955 -0.0309257 -0.10959 -0.102135 1.99099 2.55641 -0.0211212 -0.0228405 -0.0342332 0.00730266 0.0289385 -0.0540927 0.00447424 0.00808512 0.0454167 3.1335 0.299714 0.0385858 1.6354 -0.00756765 -0.0135504 0.238863 1.44266 0.412218 -0.118761 0.00138815 0.00549178 -2.86316
104.942 -0.0761513 -0.106694 1.96744 2.61121 -0.0264961 -0.0314549 -0.10959 -0.0986569 1.99101 2.55479 -0.0212845 -0.022812 -0.0334388 0.00803689 0.0235637 -0.056414 0.00521163 0.00864292 0.0416893 3.2719 0.300037 0.0399279 1.64227 -0.00809883 -0.0128812 0.237958 1.44266 0.412218 -0.118761 0.00138815 0.00549178 -2.86316
105.169 -0.0764408 -0.103153 1.97216 2.6113 -0.0273205 -0.0316834 -0.112966 -0.0973256 2.03647 2.58597 -0.0542466 -0.0258751 -0.0365256 0.00582787 0.064307 -0.0253314 -0.0269261 0.0058083 0.0741854 2.13497 0.300338 0.041531 1.64825 -0.00869298 -0.0128245 0.23735 1.44266 0.412218 -0.118761 0.00138815 0.00549178 -2.86316
105.591 -0.0726382 -0.0929289 1.98124 2.60986 -0.0276672 -0.0319723 -0.109592 -0.0847441 1.99106 2.5483 -0.0219409 -0.0226918 -0.0369541 0.00818482 0.00981907 -0.0615601 0.00572631 0.00928052 0.0391026 3.56897 0.300889 0.0463688 1.65951 -0.00878328 -0.0142781 0.236928 1.44266 0.412218 -0.118761 0.00138815 0.00549178 -2.86316
105.896 -0.0679876 -0.0913866 1.98432 2.61039 -0.026511 -0.0324741 -0.109083 -0.0848754 2.08076 2.61033 -0.0133327 -0.0232809 -0.0410958 0.00651125 0.0964392 -5.5294e-05 0.0131783 0.00919319 0.105032 0.920686 0.301013 0.0488955 1.66349 -0.00755438 -0.01371 0.23707 1.44266 0.412218 -0.118761 0.00138815 0.00549178 -2.86316
106.463 -0.0475992 -0.0863737 1.99312 2.61179 -0.0209716 -0.0341427 -0.0880111 -0.0794902 2.03531 2.57667 -0.0437199 -0.0249609 -0.0404119 0.00688349 0.0421871 -0.0351248 -0.0227484 0.00918183 0.0588239 2.44072 0.301341 0.0586439 1.67497 -0.00200078 -0.0121162 0.238391 1.44266 0.412218 -0.118761 0.00138815 0.00549178 -2.86316
106.639 -0.041684 -0.082495 1.99576 2.61109 -0.0195524 -0.0343532 -0.0808884 -0.0759238 2.03502 2.57473 -0.040587 -0.0247604 -0.0392044 0.00657119 0.0392642 -0.0363547 -0.0210346 0.0095928 0.0558735 2.45447 0.301528 0.0617514 1.67834 -0.000645806 -0.01277 0.238919 1.44266 0.412218 -0.118761 0.00138815 0.00549178 -2.86316
107.344 -0.0243951 -0.0707728 2.00428 2.60941 -0.0158442 -0.0344443 -0.0617743 -0.0630112 2.07905 2.59866 0.00706658 -0.0225056 -0.0373792 0.00776159 0.0747644 -0.010751 0.0229108 0.0119387 0.0839474 1.60206 0.302376 0.0717426 1.68963 0.00265112 -0.0143159 0.240695 1.44266 0.412218 -0.118761 0.00138815 0.00549178 -2.86316
107.879 -0.0175429 -0.0689184 2.00864 2.61083 -0.0149655 -0.0339103 -0.0524235 -0.0581211 2.03414 2.56546 -0.0279603 -0.0240216 -0.0348806 0.0107973 0.0254985 -0.0453749 -0.0129949 0.00988869 0.0445355 2.7515 0.303004 0.0770714 1.69603 0.00307823 -0.0128721 0.241595 1.44266 0.412218 -0.118761 0.00138815 0.00549178 -2.86316
108.589 -0.0154509 -0.0682265 2.01465 2.61476 -0.017821 -0.0309524 -0.0488678 -0.0581187 2.03406 2.56535 -0.0262909 -0.0239715 -0.0334169 0.0101078 0.0194025 -0.0494063 -0.00846996 0.0069809 0.0399414 2.8911 0.305174 0.0857051 1.70629 -0.00102725 -0.00903989 0.242726 1.44266 0.412218 -0.118761 0.00138815 0.00549178 -2.86316
109.033 -0.0119927 -0.0624279 2.01694 2.61438 -0.0181707 -0.0303089 -0.0471838 -0.0532221 2.07874 -2.54145 -0.057629 -0.02424 -0.0351911 0.00920576 0.0618055 -5.15583 -0.0394583 0.00606895 0.0717153 64.6422 0.30727 0.0904285 1.71076 -0.00164165 -0.00943367 0.243109 1.44266 0.412218 -0.118761 0.00138815 0.00549178 -2.86316
109.262 -0.00687853 -0.0584947 2.01815 2.61416 -0.0170106 -0.030728 -0.0455289 -0.0523049 2.12562 2.67693 0.0187224 -0.0460448 -0.0386504 0.00618979 0.107472 0.0627697 0.035733 -0.0153168 0.114379 4.23087 0.309012 0.0936848 1.71355 -0.000420609 -0.00961079 0.243326 1.44266 0.412218 -0.118761 0.00138815 0.00549178 -2.86316
109.474 -0.00260767 -0.0551333 2.01901 2.61388 -0.0159152 -0.0311783 -0.0382032 -0.0474522 2.03385 2.56004 -0.0215453 -0.0237168 -0.0355955 0.00768107 0.0148384 -0.0538441 -0.00563013 0.00746149 0.039322 3.12324 0.310497 0.096135 1.71566 0.000759261 -0.00985909 0.243483 1.44266 0.412218 -0.118761 0.00138815 0.00549178 -2.86316
109.884 0.00521866 -0.0434627 2.02085 2.61159 -0.0142954 -0.031736 -0.0308752 -0.038495 2.07856 2.54844 -0.0279705 -0.045955 -0.0360939 0.00496769 0.057715 -0.0631495 -0.0136751 -0.014219 0.068253 3.80694 0.314524 0.101624 1.72053 0.00251616 -0.0120949 0.243812 1.44266 0.412218 -0.118761 0.00138815 0.00549178 -2.86316
110.128 0.00766277 -0.0361444 2.02149 2.60951 -0.0139768 -0.0317999 -0.0272433 -0.0312308 2.07852 2.54493 -0.0264937 -0.0458323 -0.034906 0.00491359 0.0570254 -0.0645853 -0.0125169 -0.0140324 0.0670408 3.86969 0.316421 0.103792 1.7224 0.00289478 -0.0141667 0.243918 1.44266 0.412218 -0.118761 0.00138815 0.00549178 -2.86316
110.325 0.00882478 -0.0310881 2.0218 2.60801 -0.0139546 -0.0317537 -0.0239882 -0.0225754 2.03366 2.54781 -0.0153004 -0.0233777 -0.0328129 0.00851276 0.0118566 -0.0601962 -0.00134584 0.00837607 0.0359129 3.47615 0.317698 0.105154 1.72351 0.00294173 -0.0156767 0.243971 1.44266 0.412218 -0.118761 0.00138815 0.00549178 -2.86316
111.291 0.0105166 -0.0110438 2.02181 2.60336 -0.0159574 -0.0306188 -0.0232443 -0.000310996 2.12542 2.65243 0.0271256 -0.046504 -0.0337609 0.0107328 0.103609 0.0490613 0.043083 -0.0158852 0.109498 3.85366 0.325071 0.112624 1.72845 0.000799504 -0.0203717 0.243956 1.44266 0.412218 -0.118761 0.00138815 0.00549178 -2.86316
111.506 0.0104447 -0.00956964 2.02184 2.6036 -0.0165728 -0.0303453 -0.023192 0.00154652 2.12665 2.65187 -0.060388 2.94882e-05 -0.0336367 0.0111162 0.104816 0.0482681 -0.0438152 0.0303748 0.110641 4.16499 0.326357 0.114185 1.7295 0.000124565 -0.020153 0.243885 1.44266 0.412218 -0.118761 0.00138815 0.00549178 -2.86316
111.795 0.0110364 -0.00848818 2.02225 2.60373 -0.0166897 -0.0303407 -0.0232443 0.0034025 2.12543 2.65068 0.0270088 -0.0465513 -0.0342806 0.0118907 0.103177 0.0469485 0.0436985 -0.0162106 0.109371 3.79364 0.327063 0.115231 1.73056 1.77928e-05 -0.0200237 0.243831 1.44266 0.412218 -0.118761 0.00138815 0.00549178 -2.86316
112.299 0.0135846 -0.00813267 2.0256 2.60527 -0.0162699 -0.0306459 -0.0199618 0.00580909 2.07845 -2.53179 0.00466429 -0.0454335 -0.0335464 0.0139418 0.0528454 -5.13706 0.0209342 -0.0147875 0.0641278 65.6781 0.327871 0.117275 1.73539 0.000481966 -0.0184789 0.243775 1.44266 0.412218 -0.118761 0.00138815 0.00549178 -2.86316
112.503 0.0142916 -0.00876396 2.02719 2.60613 -0.0161218 -0.0307122 -0.0195307 0.00340244 2.12539 2.65057 0.0287534 -0.0465552 -0.0338223 0.0121664 0.0982063 0.0444383 0.0448752 -0.015843 0.104578 3.73434 0.327921 0.117756 1.73742 0.000613001 -0.0176114 0.243791 1.44266 0.412218 -0.118761 0.00138815 0.00549178 -2.86316
113.647 0.0250807 -0.00290524 2.051 2.6098 -0.0118501 -0.0323029 -0.00837147 0.00989509 2.12794 2.60279 -0.00669226 -0.0242996 -0.0334521 0.0128003 0.0769332 -0.0070096 0.00515783 0.00800333 0.0848623 0.674927 0.326968 0.119647 1.76521 0.00496926 -0.0138106 0.244546 1.44266 0.412218 -0.118761 0.00138815 0.00549178 -2.86316
113.862 0.025582 -0.00110069 2.0559 2.61022 -0.0114954 -0.032265 -0.0072701 0.0112682 2.08072 -2.53427 -0.00346913 1.81886e-05 -0.0328521 0.0123689 0.0248218 -5.14449 0.00802632 0.0322832 0.0429927 65.2813 0.326845 0.119352 1.77085 0.00523952 -0.0133864 0.244756 1.44266 0.412218 -0.118761 0.00138815 0.00549178 -2.86316
114.14 0.0247264 0.00275691 2.06101 2.60975 -0.0117114 -0.0319059 -0.0054373 0.0130717 2.07836 -2.53552 0.0114813 -0.0454921 -0.0301637 0.0103148 0.0173489 -5.14527 0.0231928 -0.0135861 0.0362936 65.2141 0.326821 0.11885 1.77664 0.00488548 -0.0138604 0.244959 1.44266 0.412218 -0.118761 0.00138815 0.00549178 -2.86316
114.367 0.0234576 0.00785807 2.06629 2.60877 -0.0120382 -0.0315111 -0.00837146 0.017331 2.12794 2.59926 -0.00680499 -0.0242753 -0.031829 0.00947291 0.061654 -0.00950587 0.00523318 0.00723582 0.0700289 0.74441 0.326882 0.118151 1.78265 0.00443532 -0.0148553 0.245138 1.44266 0.412218 -0.118761 0.00138815 0.00549178 -2.86316
115.294 0.0133456 0.0328017 2.09464 2.60458 -0.0143606 -0.0296508 -0.0151764 0.0424476 2.17517 2.62722 -0.0634685 -0.0225065 -0.028522 0.00964597 0.080521 0.0226387 -0.0491079 0.00714427 0.0859662 3.13175 0.327326 0.112503 1.8149 0.00162596 -0.0191136 0.245592 1.44266 0.412218 -0.118761 0.00138815 0.00549178 -2.86316
115.998 0.000834693 0.0417362 2.11657 2.60561 -0.0177001 -0.0277408 -0.02839 0.055328 2.17106 -2.61631 -0.0914372 -0.0453193 -0.0292247 0.0135918 0.0544965 -5.22192 -0.0737371 -0.0175785 0.0633142 60.8913 0.326733 0.106951 1.83946 -0.00225358 -0.0181727 0.245576 1.44266 0.412218 -0.118761 0.00138815 0.00549178 -2.86316
116.235 -0.00222184 0.042504 2.1233 2.60675 -0.0183703 -0.0273655 -0.0323741 0.0574591 2.18003 -2.62632 -0.0141968 0.000372193 -0.0301523 0.0149552 0.0567254 -5.23307 0.00417351 0.0277377 0.065959 60.2124 0.326396 0.105307 1.84696 -0.00305931 -0.0170507 0.245565 1.44266 0.412218 -0.118761 0.00138815 0.00549178 -2.86316
116.658 -0.00587238 0.0469467 2.13682 2.60772 -0.0187353 -0.027168 -0.0380061 0.0600677 2.22913 2.61326 0.0192062 -0.0492961 -0.0321337 0.013121 0.0923057 0.00554379 0.0379415 -0.0221281 0.0986158 2.53652 0.325744 0.102308 1.86199 -0.00350428 -0.0161009 0.245553 1.44266 0.412218 -0.118761 0.00138815 0.00549178 -2.86316
116.95 -0.00664553 0.0531952 2.14571 2.60689 -0.0183598 -0.0274196 -0.0398825 0.0645641 2.22911 -2.66737 -0.0566758 -0.0471934 -0.0332369 0.0113689 0.0833978 -5.27426 -0.038316 -0.0197738 0.0904939 57.8128 0.325412 0.100565 1.87184 -0.00302632 -0.0169152 0.245524 1.44266 0.412218 -0.118761 0.00138815 0.00549178 -2.86316
118.053 -0.0101727 0.0892488 2.18319 2.5998 -0.0177437 -0.0286807 -0.0419036 0.0990243 2.22933 2.59497 0.0157699 -0.0494812 -0.0317308 0.00977559 0.0461422 -0.00482605 0.0335136 -0.0208005 0.0568464 2.27692 0.324642 0.0949622 1.91435 -0.00161098 -0.0239928 0.244744 1.44266 0.412218 -0.118761 0.00138815 0.00549178 -2.86316
118.747 -0.0150517 0.117772 2.21107 2.59462 -0.0189143 -0.0290057 -0.0478929 0.127103 2.28581 -2.6862 -0.0643005 -0.0214568 -0.0328411 0.00933053 0.0747448 -5.28083 -0.0453862 0.00754896 0.0821729 57.5041 0.324821 0.0924203 1.94699 -0.00226153 -0.0291947 0.24388 1.44266 0.412218 -0.118761 0.00138815 0.00549178 -2.86316
119 -0.0159552 0.132239 2.21851 2.59085 -0.0191793 -0.0291383 -0.0502127 0.142183 2.34619 2.62176 -0.0368844 -0.0221113 -0.0342575 0.00994383 0.127681 0.030915 -0.0177051 0.00702702 0.132571 2.09013 0.325872 0.0921167 1.95675 -0.0022849 -0.0330775 0.243628 1.44266 0.412218 -0.118761 0.00138815 0.00549178 -2.86316
119.224 -0.0161547 0.170365 2.22193 2.57809 -0.019451 -0.029346 -0.0499242 0.160107 2.28632 -2.6526 -0.00830613 -0.0493875 -0.0337695 -0.0102577 0.064393 -5.2307 0.0111449 -0.0200414 0.0734307 60.3003 0.330944 0.0929245 1.96501 -0.00195867 -0.0457349 0.243318 1.44266 0.412218 -0.118761 0.00138815 0.00549178 -2.86316
119.466 -0.0162874 0.208057 2.21907 2.56524 -0.019866 -0.0293499 -0.0502128 0.199575 2.34623 2.59388 -0.0384469 -0.0210768 -0.0339254 -0.00848156 0.127154 0.0286384 -0.0185809 0.00827303 0.131875 2.02371 0.338392 0.0947007 1.96833 -0.00185207 -0.0585993 0.243101 1.44266 0.412218 -0.118761 0.00138815 0.00549178 -2.86316
119.666 -0.0167248 0.236283 2.21779 2.55746 -0.0203282 -0.02931 -0.0498509 0.238118 2.28374 2.52139 -0.0848581 -0.0160919 -0.0331261 0.00183447 0.0659468 -0.036069 -0.0645298 0.0132181 0.073822 4.2835 0.346818 0.0968828 1.97397 -0.00198362 -0.0663776 0.242898 1.44266 0.412218 -0.118761 0.00138815 0.00549178 -2.86316
119.889 -0.0159356 0.262336 2.21525 2.55113 -0.0203198 -0.0295203 -0.0497212 0.260016 2.23218 2.46811 -0.0398572 -0.0185766 -0.0337856 -0.00232008 0.0169306 -0.0830203 -0.0195373 0.0109437 0.0378615 4.9084 0.356825 0.0996629 1.97923 -0.00163261 -0.0727086 0.242713 1.44266 0.412218 -0.118761 0.00138815 0.00549178 -2.86316
120.337 -0.0120503 0.321587 2.20428 2.53964 -0.0197582 -0.0302313 -0.0459344 0.333849 2.28636 -2.81439 -0.00829873 -0.0487571 -0.033884 0.0122618 0.0820839 -5.35402 0.0114594 -0.0185257 0.0896452 53.2356 0.387557 0.108941 1.99093 -0.00035095 -0.0841755 0.24236 1.44266 0.412218 -0.118761 0.00138815 0.00549178 -2.86316
120.55 -0.0117931 0.32731 2.20513 2.54101 -0.0198214 -0.0302492 -0.0459347 0.34983 2.28637 -2.81924 -0.00822525 -0.0487103 -0.0341416 0.0225198 0.0812384 -5.36025 0.0115962 -0.0184611 0.0909531 52.879 0.39424 0.11111 1.99642 -0.00044312 -0.0827949 0.242315 1.44266 0.412218 -0.118761 0.00138815 0.00549178 -2.86316
121.107 -0.00830643 0.375749 2.20223 2.53344 -0.0195219 -0.0305071 -0.0437174 0.380422 2.27816 -2.81759 -0.112421 -0.0312465 -0.0354109 0.00467373 0.0759266 -5.35103 -0.0928986 -0.00073943 0.0839085 53.6511 0.418994 0.119463 2.01362 0.000227762 -0.0903739 0.242228 1.44266 0.412218 -0.118761 0.00138815 0.00549178 -2.86316
122.779 0.00424177 0.541455 2.17229 2.50128 -0.0203216 -0.0321732 -0.0263128 0.556366 2.23175 2.50289 -0.0347778 -0.0145414 -0.0305545 0.0149115 0.0594594 0.00161191 -0.0144562 0.0176318 0.0684935 1.31164 0.512914 0.152436 2.06176 0.00284827 -0.115745 0.242238 1.44083 0.414625 -0.117743 5.57703e-05 -0.00124218 -2.86108
123.41 -0.00301101 0.5604 2.16771 2.49068 -0.0284228 -0.0338136 -0.0341108 0.595376 2.23183 2.47661 -0.0406079 -0.0123826 -0.0310998 0.0349769 0.0641241 -0.0140653 -0.0121851 0.021431 0.0793882 1.60498 0.538703 0.161993 2.08005 0.00127178 -0.111274 0.242518 1.43758 0.421578 -0.111313 -0.00410321 -0.0164021 -2.85479
123.657 -0.00491128 0.562308 2.16821 2.48764 -0.031195 -0.0350881 -0.0379491 0.611411 2.28621 -2.99466 -0.00460867 -0.0487313 -0.0330378 0.0491027 0.118003 -5.4823 0.0265863 -0.0136432 0.132012 45.9036 0.545092 0.164673 2.08749 0.00126544 -0.108817 0.24267 1.43671 0.424681 -0.107688 -0.00568945 -0.0219116 -2.85192
123.892 -0.00660921 0.566879 2.16747 2.48195 -0.0338117 -0.0367559 -0.03801 0.599285 2.23186 2.47402 -0.043309 -0.011589 -0.0314008 0.0324053 0.064396 -0.00792474 -0.00949734 0.025167 0.0786318 1.59102 0.551046 0.167314 2.09513 0.00142892 -0.108104 0.242825 1.43601 0.428039 -0.10279 -0.00701504 -0.0283485 -2.84879
124.314 -0.00974314 0.57639 2.16523 2.46533 -0.0389717 -0.0418734 -0.0419094 0.610993 2.23191 2.46613 -0.0461259 -0.0105929 -0.0321662 0.0346035 0.0666736 0.00079508 -0.00715419 0.0312805 0.0817156 1.84101 0.563092 0.173287 2.11468 0.00236925 -0.107917 0.243171 1.43593 0.436774 -0.087119 -0.00911241 -0.0452257 -2.84096
125.112 -0.0188609 0.568214 2.17028 2.4374 -0.049668 -0.048555 -0.051903 0.618668 2.28539 2.47054 -0.0597588 -0.0341385 -0.0330422 0.0504541 0.11511 0.0331388 -0.0100908 0.0144165 0.129952 2.18928 0.574555 0.182067 2.15769 0.00372385 -0.1018 0.243675 1.43771 0.456436 -0.0486763 -0.015617 -0.0793235 -2.82787
125.395 -0.0238758 0.567359 2.17074 2.42489 -0.0535795 -0.0487455 -0.0538193 0.617618 2.2832 -2.93632 -0.0599385 -0.0587153 -0.0299435 0.0502593 0.112454 -5.36122 -0.00635904 -0.00996988 0.126762 52.7965 0.576965 0.184634 2.172 0.00334718 -0.101672 0.243721 1.43849 0.463121 -0.0342771 -0.0183436 -0.0919484 -2.82498
125.609 -0.0280917 0.565412 2.17134 2.41529 -0.0565751 -0.0482234 -0.0593525 0.600052 2.22759 2.37092 -0.0743147 -0.0543599 -0.0312608 0.0346401 0.0562551 -0.0443705 -0.0177396 -0.00613645 0.0730877 2.7815 0.578315 0.186539 2.18323 0.00283042 -0.101072 0.2437 1.43872 0.468052 -0.0228022 -0.0206372 -0.102131 -2.82332
125.811 -0.0322507 0.562017 2.1731 2.40629 -0.0595331 -0.0470985 -0.0632284 0.598007 2.22723 2.37135 -0.0837009 -0.0495797 -0.0309777 0.0359907 0.0541266 -0.0349328 -0.0241679 -0.00248119 0.0720045 2.44633 0.579008 0.188381 2.19533 0.00230368 -0.0998724 0.243632 1.43889 0.472982 -0.0111495 -0.0232986 -0.112277 -2.82214
126.01 -0.0368113 0.558781 2.17535 2.39297 -0.0632021 -0.0446528 -0.0699268 0.609671 2.28695 -2.88612 -0.0119741 -0.0467895 -0.0331155 0.0508897 0.111597 -5.27909 0.051228 -0.00213671 0.127045 57.5944 0.579379 0.190939 2.21214 0.00193813 -0.0989184 0.243455 1.43882 0.479447 0.00500789 -0.0274817 -0.126395 -2.82137
126.211 -0.0383106 0.558599 2.17593 2.38511 -0.0647618 -0.0430967 -0.0710165 0.59028 2.22743 2.37658 -0.0881321 -0.0487245 -0.0327059 0.0316808 0.0515032 -0.00853107 -0.0233703 -0.00562781 0.0687454 1.46954 0.579545 0.192349 2.2207 0.00203968 -0.099086 0.243319 1.43864 0.482592 0.0134613 -0.0297903 -0.133982 -2.82133
126.467 -0.0393614 0.560274 2.17652 2.3677 -0.0669831 -0.0395329 -0.0739266 0.605704 2.28706 -2.88529 -0.012893 -0.0465693 -0.0345652 0.0454306 0.110541 -5.25299 0.0540901 -0.0070364 0.12441 59.0849 0.579893 0.19547 2.23831 0.0029323 -0.100309 0.242952 1.43823 0.488632 0.030973 -0.0345834 -0.149905 -2.82197
126.722 -0.0385286 0.561758 2.17689 2.34974 -0.0680261 -0.0353834 -0.0758877 0.608871 2.28619 2.36942 -0.072702 -0.0309993 -0.0373591 0.0471125 0.109298 0.0196852 -0.00467589 0.00438414 0.124745 1.20268 0.579993 0.198868 2.2562 0.00426495 -0.101404 0.242513 1.43754 0.493995 0.0492311 -0.0392719 -0.166514 -2.82365
126.962 -0.0373649 0.560231 2.17802 2.33747 -0.0682086 -0.0317456 -0.0739266 0.6097 2.28706 -2.88616 -0.0128395 -0.0465616 -0.0365617 0.0494694 0.109038 -5.22363 0.0553691 -0.014816 0.125193 60.754 0.579517 0.201416 2.27012 0.00525974 -0.101161 0.242184 1.43702 0.497509 0.0630307 -0.0426618 -0.17873 -2.82563
127.43 -0.0334902 0.557816 2.18115 2.31326 -0.0671149 -0.0230294 -0.069249 0.588702 2.23257 2.24561 -0.0293118 -0.0411264 -0.0357588 0.0308857 0.0514168 -0.0676463 0.037803 -0.0180971 0.0698306 4.60147 0.577549 0.20644 2.2986 0.00712621 -0.101022 0.241578 1.43611 0.503073 0.0909238 -0.0490579 -0.202646 -2.83146
127.926 -0.028736 0.558946 2.18261 2.28331 -0.0632434 -0.0110708 -0.0657488 0.60358 2.27886 -2.78837 0.0670088 -0.0177695 -0.0370128 0.0446338 0.0962478 -5.07167 0.130252 -0.00669867 0.112364 69.7661 0.574905 0.212282 2.3318 0.00791363 -0.1032 0.240869 1.43609 0.506343 0.124949 -0.0540097 -0.230114 -2.84148
128.379 -0.0249669 0.550669 2.18572 2.26429 -0.0569824 -0.00101967 -0.061926 0.599674 2.28676 -2.79268 -0.0106376 -0.0471878 -0.036959 0.0490045 0.10104 -5.05697 0.0463448 -0.0461682 0.118222 70.2547 0.57134 0.216782 2.36021 0.00695422 -0.101811 0.24026 1.43764 0.50565 0.154789 -0.0542005 -0.250539 -2.85295
128.595 -0.0202757 0.543867 2.18857 2.25445 -0.0504648 0.00475795 -0.0578897 0.592029 2.28418 -2.74842 0.0281462 -0.032193 -0.037614 0.0481616 0.0956086 -5.00287 0.0786111 -0.036951 0.11347 73.4779 0.568145 0.219484 2.37916 0.00647024 -0.100796 0.239889 1.43984 0.503338 0.17469 -0.051919 -0.261562 -2.86195
129.089 -0.00623132 0.538254 2.19106 2.23816 -0.0344227 0.0124724 -0.0458005 0.569002 2.23179 2.17764 -0.0610328 0.0155722 -0.0395691 0.0307472 0.0407317 -0.0605192 -0.0266101 0.0030998 0.0645769 3.78424 0.562316 0.223983 2.41093 0.00685534 -0.102826 0.239448 1.44607 0.496348 0.209927 -0.0436698 -0.276294 -2.87944
129.301 -0.000649221 0.534133 2.19201 2.23376 -0.0269307 0.0151312 -0.0380019 0.565091 2.23175 2.17981 -0.0568116 0.0143932 -0.0373527 0.0309579 0.0397382 -0.0539509 -0.0298809 -0.000737963 0.0627116 3.53535 0.559635 0.225705 2.42393 0.00637373 -0.103382 0.23939 1.44963 0.492381 0.225138 -0.0385244 -0.280373 -2.88733
129.544 0.00469051 0.527731 2.19353 2.23186 -0.0191756 0.0172945 -0.0339769 0.575377 2.28808 2.21319 -0.0182885 0.00459029 -0.0386674 0.0476463 0.0945517 -0.0186749 0.000887088 -0.0127042 0.112718 1.30626 0.556615 0.227213 2.43668 0.00558831 -0.103194 0.23942 1.4537 0.487984 0.240193 -0.0325248 -0.282677 -2.89528
129.764 0.0102365 0.519883 2.19559 2.23223 -0.0111062 0.018835 -0.0276775 0.582139 2.34486 -2.73436 0.0335595 -0.00834364 -0.037914 0.0622562 0.149266 -4.96659 0.0446657 -0.0271787 0.166114 75.5034 0.553252 0.228514 2.44917 0.00475597 -0.102592 0.239542 1.45827 0.483282 0.254967 -0.0257961 -0.283098 -2.90311
130.198 0.0245123 0.503447 2.19923 2.23745 0.00865917 0.0196188 -0.0126845 0.533954 2.23201 2.1972 0.0295371 -0.00706407 -0.0371968 0.0305069 0.0327776 -0.0402531 0.0208779 -0.0266829 0.0582121 2.99199 0.545136 0.23104 2.47667 0.00311879 -0.102669 0.240157 1.47021 0.471553 0.289002 -0.0078743 -0.278055 -2.91993
130.454 0.0325499 0.494575 2.20039 2.24332 0.0197829 0.0183293 -0.00599529 0.539337 2.28784 2.23243 -0.0032094 0.000754965 -0.0385452 0.0447623 0.0874459 -0.0108926 -0.0229923 -0.0175743 0.105528 1.76879 0.54065 0.232213 2.49164 0.00219095 -0.103181 0.240677 1.47747 0.464847 0.308517 0.00321253 -0.271658 -2.928
130.669 0.0385371 0.487149 2.20124 2.24971 0.0278669 0.0164993 0.00100961 0.544792 2.34566 2.26742 0.0420248 -0.00975901 -0.0375275 0.0576433 0.144419 0.0177042 0.0141579 -0.0262583 0.159962 2.01421 0.537251 0.232925 2.50272 0.00164529 -0.103205 0.241135 1.48282 0.460029 0.323078 0.0116637 -0.265142 -2.93305
130.907 0.0443854 0.479894 2.20229 2.25757 0.0356082 0.0139441 0.00799838 0.524247 2.28879 -2.69025 0.00237399 -0.000543511 -0.036387 0.0443527 0.0864982 -4.94783 -0.0332342 -0.0144876 0.103794 76.5501 0.533751 0.233468 2.5139 0.00125897 -0.103168 0.241625 1.48794 0.455523 0.33744 0.02007 -0.257155 -2.93712
131.128 0.0514091 0.473607 2.20315 2.26845 0.0450817 0.00946296 0.015997 0.516256 2.28883 -2.68789 0.0047804 -0.00107774 -0.0354121 0.0426491 0.0856754 -4.95635 -0.0403013 -0.0105407 0.102045 76.0692 0.52917 0.233966 2.52912 0.000838522 -0.104172 0.242291 1.49392 0.450065 0.356393 0.0310191 -0.244967 -2.94088
131.35 0.0541071 0.472699 2.20304 2.27343 0.0491993 0.00687102 0.0215267 0.522022 2.34463 2.28027 -0.00145354 0.0516265 -0.0325804 0.0493226 0.141591 0.00684358 -0.0506528 0.0447555 0.153434 3.88625 0.527046 0.234137 2.53684 0.000492788 -0.105381 0.24262 1.49633 0.447612 0.365821 0.0362752 -0.238602 -2.94201
131.529 0.0576296 0.474041 2.20206 2.28269 0.0560069 0.00108055 0.0256175 0.52133 2.34611 2.32481 0.0314552 0.0173399 -0.032012 0.047289 0.14405 0.042116 -0.0245517 0.0162594 0.154956 2.91081 0.523205 0.234326 2.55255 -0.000515657 -0.108484 0.243249 1.49977 0.44332 0.384488 0.0462266 -0.225837 -2.94274
131.765 0.0585557 0.475375 2.201 2.29001 0.0598073 -0.00369596 0.0263041 0.498785 2.2317 2.21583 0.0508739 -0.0113732 -0.0322515 0.0234096 0.0306975 -0.0741858 -0.00893343 -0.00767724 0.0503041 4.27965 0.520543 0.234315 2.56446 -0.00156207 -0.11038 0.243689 1.50099 0.44068 0.398174 0.0531484 -0.216333 -2.94198
132.391 0.0576032 0.473855 2.19949 2.32077 0.067721 -0.0234153 0.0279832 0.510546 2.2857 -2.72496 -0.0297561 -0.0183423 -0.02962 0.0366904 0.0862159 -5.04573 -0.0974771 0.00507304 0.0982686 71.0868 0.511048 0.233325 2.60548 -0.0041676 -0.11079 0.244887 1.49714 0.435065 0.441342 0.0737924 -0.184325 -2.93207
133.03 0.0561496 0.476334 2.19683 2.34894 0.0720145 -0.0463906 0.0254243 0.522553 2.33322 2.40348 0.107026 -0.051087 -0.0307254 0.0462183 0.136384 0.0545424 0.0350112 -0.00469634 0.147243 3.74324 0.502338 0.231851 2.64261 -0.00430799 -0.109681 0.245883 1.48545 0.432961 0.477752 0.0908811 -0.156802 -2.91572
133.249 0.0550666 0.479937 2.19531 2.3606 0.0729076 -0.0571533 0.0239548 0.51414 2.27957 -2.76319 -0.0734961 -0.0333405 -0.0311118 0.0342027 0.0842607 -5.12379 -0.146404 0.0238128 0.0961126 66.9082 0.498345 0.231038 2.65853 -0.0038724 -0.109506 0.246302 1.47821 0.43303 0.492453 0.0974456 -0.14525 -2.90701
133.502 0.0534576 0.483821 2.19407 2.36877 0.0728902 -0.0649785 0.0239549 0.518127 2.27958 -2.76432 -0.0734648 -0.0332189 -0.0295027 0.0343053 0.0855161 -5.13309 -0.146355 0.0317596 0.0967485 66.3902 0.495256 0.230334 2.67008 -0.00365475 -0.109673 0.246587 1.47214 0.433464 0.502727 0.101771 -0.136953 -2.9002
133.653 0.0512363 0.488754 2.1927 2.3762 0.07237 -0.0724708 0.0213509 0.534838 2.33346 2.39679 0.104105 -0.0509684 -0.0298854 0.0460833 0.140758 0.0205988 0.031735 0.0215024 0.151095 2.44136 0.492156 0.229558 2.68114 -0.00355216 -0.11019 0.246838 1.46572 0.434139 0.512466 0.105617 -0.129102 -2.89334
133.86 0.0494997 0.494563 2.19104 2.38271 0.0718771 -0.0797791 0.019973 0.530111 2.27973 -2.7677 -0.0744767 -0.0326034 -0.0295268 0.0355481 0.0886934 -5.15041 -0.146354 0.0471757 0.10001 65.4372 0.48906 0.228715 2.69171 -0.0031178 -0.111078 0.247045 1.45907 0.434946 0.521781 0.109074 -0.121788 -2.88662
134.345 0.0452183 0.509065 2.18664 2.39732 0.0702986 -0.0968509 0.0159809 0.543351 2.27696 -2.86084 -0.0909577 -0.0281936 -0.0292375 0.0342854 0.0903194 -5.25817 -0.161256 0.0686573 0.100935 59.546 0.480286 0.225932 2.71771 -0.00142366 -0.113128 0.2473 1.44057 0.437279 0.54455 0.116141 -0.105532 -2.8707
134.844 0.0399005 0.515268 2.18498 2.40617 0.0676831 -0.104802 0.0110342 0.561798 2.31433 2.41288 0.113209 -0.129829 -0.0288663 0.0465297 0.129344 0.00671441 0.0455255 -0.025027 0.140457 3.01779 0.472752 0.223067 2.7353 -0.000791076 -0.113033 0.247128 1.4264 0.439218 0.559659 0.11804 -0.0971584 -2.86201
135.042 0.0358348 0.519001 2.1839 2.40959 0.0650405 -0.10703 0.00699266 0.565939 2.31472 2.41113 0.110415 -0.129317 -0.0288422 0.046938 0.130821 0.00153971 0.0453744 -0.0222874 0.141948 2.90111 0.467428 0.220812 2.74599 -0.000428253 -0.113236 0.246836 1.41718 0.440786 0.569133 0.116844 -0.0938084 -2.85841
135.301 0.0341493 0.520733 2.18337 2.41048 0.063588 -0.107175 0.00395487 0.560436 2.28004 2.44373 0.0105948 -0.0752832 -0.0301945 0.0397039 0.0966707 0.0332571 -0.0529932 0.0318919 0.108781 3.99106 0.464674 0.219589 2.75105 -3.30428e-05 -0.113443 0.246635 1.41269 0.44169 0.573742 0.115366 -0.0928234 -2.85735
135.486 0.0309995 0.522854 2.18279 2.41111 0.0602081 -0.105199 0.000948209 0.55095 2.22973 2.34736 0.0188807 -0.053457 -0.0300513 0.0280956 0.0469437 -0.0637486 -0.0413275 0.0517418 0.0624192 5.34669 0.458878 0.216918 2.76063 0.000965499 -0.113628 0.246136 1.40402 0.443779 0.582665 0.110466 -0.0921784 -2.8568
135.696 0.0285567 0.52284 2.18293 2.41079 0.0571166 -0.101564 -0.00191292 0.564177 2.27271 -2.86525 -0.0910187 -0.0771371 -0.0304697 0.0413363 0.0897824 -5.27604 -0.148135 0.0244269 0.103431 58.3117 0.454239 0.214689 2.76736 0.00177027 -0.113413 0.245673 1.39788 0.445604 0.589049 0.104983 -0.0928275 -2.85779
135.915 0.0245986 0.520439 2.18373 2.40919 0.0519408 -0.0935636 -0.00515045 0.576577 2.32902 2.48029 0.0761288 -0.0943319 -0.029749 0.0561377 0.145293 0.0710997 0.024188 -0.000768329 0.158576 4.30575 0.447779 0.211429 2.7757 0.00262366 -0.112547 0.244963 1.39022 0.44834 0.597248 0.0951771 -0.0954371 -2.86101
136.786 0.0107911 0.504653 2.18848 2.38862 0.0276468 -0.0448569 -0.0198418 0.547731 2.27863 -2.86287 -0.0997051 -0.0259903 -0.0306329 0.0430777 0.0901543 -5.25149 -0.127352 0.0188666 0.104508 59.5676 0.426603 0.199188 2.79888 0.00510611 -0.109378 0.241988 1.37001 0.458543 0.622799 0.0440758 -0.119631 -2.88449
137.036 0.00821426 0.497715 2.19087 2.37817 0.0187743 -0.0245068 -0.0239366 0.544549 2.28608 -2.82114 -0.0502635 -0.0130326 -0.0321508 0.0468337 0.0952069 -5.19931 -0.0690378 0.0114741 0.110867 62.2282 0.420231 0.195011 2.80488 0.00634507 -0.108483 0.240921 1.36589 0.461466 0.630265 0.0235215 -0.131143 -2.89438
137.461 0.00564224 0.487716 2.19424 2.35855 0.00433363 0.00914855 -0.0276739 0.544558 2.34451 2.4578 0.040232 -0.00934041 -0.0333161 0.0568415 0.150274 0.0992458 0.0358984 -0.018489 0.164083 6.16046 0.411374 0.188498 2.81285 0.008209 -0.108105 0.239344 1.36209 0.465063 0.641389 -0.0101794 -0.151429 -2.90977
137.664 0.00467875 0.4819 2.19606 2.34768 -0.0034621 0.0269754 -0.0279964 0.526247 2.28892 -2.77304 -0.00766935 0.00176258 -0.0326751 0.0443471 0.0928582 -5.12073 -0.00420725 -0.0252128 0.107967 66.6102 0.407345 0.185116 2.81655 0.00897904 -0.107876 0.238635 1.36128 0.466393 0.647081 -0.0280122 -0.162679 -2.91719
138.505 0.00385258 0.45382 2.20487 2.2949 -0.0418931 0.105552 -0.0299295 0.491593 2.28115 -2.7198 0.0216196 0.0701186 -0.0337821 0.0377723 0.0762812 -5.0147 0.0635127 -0.0354337 0.0915794 72.7611 0.394063 0.169455 2.83304 0.01177 -0.106421 0.236728 1.36435 0.468705 0.673247 -0.110278 -0.216792 -2.94057
138.738 0.00439286 0.450067 2.20634 2.28042 -0.0517305 0.122795 -0.0298737 0.485346 2.27517 -2.67398 0.0520128 0.0885559 -0.0342665 0.0352788 0.0688233 -4.9544 0.103743 -0.034239 0.0845898 76.3522 0.392458 0.165673 2.83728 0.0123952 -0.106968 0.236636 1.36587 0.468505 0.679617 -0.129876 -0.230317 -2.94274
138.912 0.00330167 0.446472 2.20804 2.26036 -0.0663123 0.145236 -0.0295346 0.4919 2.32504 -2.69721 0.0994364 0.0811867 -0.0328362 0.0454277 0.117001 -4.95757 0.165749 -0.0640489 0.129735 76.5897 0.391221 0.160483 2.84311 0.0124051 -0.108018 0.236745 1.36811 0.468174 0.688111 -0.156321 -0.248279 -2.9432
139.13 0.00140554 0.444347 2.20921 2.24528 -0.0782977 0.161402 -0.0311774 0.497466 2.37103 -2.71852 0.150204 0.0730984 -0.032583 0.0531189 0.161822 -4.9638 0.228502 -0.0883039 0.173406 76.8742 0.390893 0.156478 2.84749 0.0120347 -0.108883 0.23698 1.36998 0.468118 0.694362 -0.176427 -0.261256 -2.94159
139.648 -0.0051698 0.442384 2.21114 2.2107 -0.109161 0.195761 -0.0351047 0.478228 2.30148 2.18821 -0.110798 0.175938 -0.0299349 0.0358446 0.0903441 -0.0224913 -0.00163674 -0.0198229 0.101701 1.81121 0.391956 0.146899 2.85709 0.0109773 -0.111877 0.237886 1.37505 0.469517 0.708359 -0.224112 -0.288255 -2.93099
139.835 -0.0101253 0.443336 2.21162 2.1918 -0.128273 0.212574 -0.0391227 0.478194 2.30131 2.18777 -0.112794 0.176388 -0.0289975 0.0348585 0.0896972 -0.00402526 0.0154793 -0.0361861 0.100506 2.292 0.393565 0.141365 2.86201 0.0104371 -0.114335 0.238517 1.37829 0.471419 0.715922 -0.251219 -0.300905 -2.92072
140.264 -0.0174711 0.444137 2.21205 2.17098 -0.153203 0.229611 -0.050968 0.485224 2.32707 -2.57043 0.199445 0.139927 -0.0334969 0.0410876 0.115017 -4.74142 0.352647 -0.0896837 0.126646 90.3827 0.396176 0.134461 2.86731 0.00981769 -0.117253 0.239322 1.38281 0.474789 0.724696 -0.28355 -0.312914 -2.90419
140.521 -0.0245431 0.444474 2.21229 2.1571 -0.17362 0.239647 -0.0550294 0.485183 2.32687 -2.57054 0.198095 0.140157 -0.0304863 0.0407092 0.114581 -4.72764 0.371715 -0.0994901 0.125361 91.3202 0.398489 0.129005 2.87069 0.00922397 -0.119557 0.239932 1.38683 0.478221 0.731028 -0.30727 -0.319009 -2.88863
140.777 -0.0304602 0.444057 2.21241 2.14875 -0.188992 0.244893 -0.0631505 0.485104 2.32649 -2.57075 0.1954 0.140618 -0.0326904 0.0410472 0.114081 -4.71949 0.384392 -0.104275 0.125571 91.8686 0.400261 0.124991 2.87267 0.0087193 -0.121111 0.240366 1.39006 0.481195 0.735401 -0.323407 -0.321408 -2.87597
141.209 -0.0484885 0.438772 2.21261 2.1377 -0.22521 0.249777 -0.0758653 0.466384 2.2587 2.11448 -0.203141 0.22223 -0.0273768 0.0276119 0.0460868 -0.0232177 0.0220694 -0.0275463 0.0602984 2.59842 0.404117 0.116091 2.87537 0.00617463 -0.123526 0.241356 1.39856 0.489432 0.744546 -0.35409 -0.31931 -2.84498
141.418 -0.0576379 0.43323 2.21292 2.13775 -0.240281 0.24889 -0.0883861 0.477932 2.32927 2.16884 -0.261121 0.268959 -0.0307482 0.0447025 0.116353 0.031085 -0.0208392 0.0200691 0.128381 2.63359 0.405455 0.112614 2.87563 0.00431577 -0.123536 0.242236 1.40276 0.493459 0.747991 -0.363589 -0.31492 -2.8319
141.809 -0.0640712 0.397873 2.217 2.15715 -0.262296 0.251912 -0.100003 0.437243 2.29206 2.13521 -0.257584 0.23383 -0.0359314 0.0393694 0.0750592 -0.0219454 0.0047118 -0.0180818 0.0920592 1.84313 0.407545 0.106792 2.87515 -0.00184711 -0.114353 0.2596 1.41247 0.502632 0.754755 -0.375005 -0.299623 -2.80811
142.028 -0.0571028 0.380975 2.2188 2.17391 -0.267559 0.260927 -0.100505 0.424664 2.32731 2.19252 -0.274612 0.266035 -0.043402 0.0436883 0.108503 0.0186079 -0.00705282 0.00510873 0.124761 1.24616 0.409027 0.104231 2.87419 -0.00656384 -0.111662 0.282763 1.41956 0.510502 0.758776 -0.37822 -0.28505 -2.79479
142.958 0.0123033 0.363344 2.21924 2.24898 -0.242388 0.324442 -0.0386363 0.389615 2.27699 2.17656 -0.276737 0.312476 -0.0509396 0.0262707 0.0577579 -0.0724179 -0.0343487 -0.0119653 0.0813693 4.79771 0.417354 0.107687 2.8688 -0.022828 -0.11502 0.404617 1.43926 0.552034 0.766247 -0.373497 -0.218112 -2.76805
143.174 0.0292381 0.361388 2.21856 2.26908 -0.232344 0.342129 -0.0206841 0.401621 2.3437 -2.56427 0.3304 0.213515 -0.0499222 0.0402327 0.125142 -4.83335 0.562744 -0.128614 0.140611 88.6245 0.419616 0.11131 2.86742 -0.0270348 -0.11477 0.434506 1.44135 0.564023 0.766478 -0.370513 -0.202336 -2.76632
143.607 0.064591 0.357568 2.2166 2.31352 -0.208709 0.379392 0.0204301 0.398454 2.3614 -2.59211 0.272376 0.277819 -0.0441608 0.040886 0.144792 -4.90562 0.481085 -0.101573 0.156801 83.1996 0.424058 0.121872 2.86466 -0.0347952 -0.112536 0.495081 1.4432 0.591175 0.76594 -0.363336 -0.169756 -2.76696
143.834 0.0903282 0.357742 2.21455 2.3451 -0.190059 0.404355 0.0419666 0.392963 2.33209 2.33796 -0.212853 0.413358 -0.0483616 0.0352215 0.117548 -0.00713145 -0.022794 0.00900301 0.131897 1.4334 0.426734 0.131469 2.86274 -0.0382685 -0.111152 0.534796 1.44282 0.61175 0.764857 -0.358012 -0.147193 -2.77004
144.056 0.109504 0.359814 2.21255 2.36912 -0.175172 0.422819 0.0621944 0.379673 2.25347 2.30375 -0.158809 0.385828 -0.04731 0.0198592 0.0409173 -0.0653747 0.0163626 -0.0369915 0.0656266 4.69452 0.428548 0.140002 2.86107 -0.0402975 -0.110516 0.563718 1.44175 0.628412 0.763537 -0.353802 -0.129948 -2.77339
144.309 0.132996 0.365713 2.2093 2.40067 -0.154955 0.446697 0.0867351 0.394635 2.31498 -2.65168 0.32798 0.321467 -0.0462613 0.028922 0.105679 -5.05235 0.482935 -0.12523 0.118931 75.9707 0.430661 0.153094 2.8584 -0.0428059 -0.110637 0.600713 1.43938 0.652178 0.761093 -0.347949 -0.106643 -2.77876
144.499 0.144055 0.369299 2.20743 2.41649 -0.144822 0.458471 0.107979 0.398606 2.30584 2.35724 -0.158362 0.451299 -0.0360759 0.0293068 0.0984108 -0.0592518 -0.0135403 -0.00717213 0.108835 3.56612 0.431546 0.160342 2.85685 -0.0440968 -0.110802 0.618464 1.43781 0.664702 0.759619 -0.344911 -0.0948587 -2.78165
144.758 0.162252 0.375101 2.20392 2.44857 -0.125995 0.480706 0.125121 0.402448 2.28755 2.41965 -0.138987 0.472175 -0.0371312 0.0273473 0.0836315 -0.0289189 -0.0129924 -0.00853047 0.0955031 1.93715 0.432833 0.176164 2.85327 -0.0473502 -0.110518 0.652718 1.434 0.691022 0.756266 -0.338546 -0.070912 -2.7874
145.008 0.17482 0.378063 2.20131 2.47341 -0.112582 0.496474 0.143094 0.416922 2.34408 -2.75467 0.393493 0.408515 -0.0317255 0.038859 0.142776 -5.22808 0.506074 -0.087959 0.151333 67.2622 0.433265 0.189154 2.85014 -0.0498862 -0.109635 0.677473 1.43057 0.711917 0.753448 -0.333535 -0.0525494 -2.79125
145.261 0.190943 0.379983 2.19808 2.50737 -0.0957141 0.515093 0.156205 0.412421 2.30423 2.43309 -0.0555734 0.48269 -0.034738 0.0324382 0.106148 -0.0742812 0.0401407 -0.0324025 0.116303 5.2952 0.433008 0.207956 2.84542 -0.0527693 -0.107701 0.709576 1.42527 0.741368 0.749362 -0.32659 -0.0275216 -2.79501
145.641 0.213874 0.38266 2.19357 2.54994 -0.0749055 0.533512 0.185008 0.414349 2.28701 2.51311 -0.0289662 0.500168 -0.0288663 0.0316898 0.0934333 -0.0368298 0.0459393 -0.0333438 0.102797 3.93034 0.43129 0.233838 2.83889 -0.0542964 -0.105635 0.748088 1.41747 0.780771 0.74394 -0.317473 0.00445752 -2.79611
145.904 0.231069 0.384869 2.19012 2.58271 -0.059886 0.543259 0.198651 0.415869 2.27693 -2.81303 0.417469 0.481534 -0.0324175 0.0310003 0.0868077 -5.39574 0.477355 -0.0617251 0.0977112 57.9614 0.428853 0.256414 2.83347 -0.054727 -0.104339 0.777685 1.41008 0.814398 0.739608 -0.309706 0.0302158 -2.79293
146.148 0.248085 0.387133 2.18622 2.61421 -0.0464948 0.549723 0.214785 0.420276 2.27926 -2.81381 0.424683 0.481476 -0.0332994 0.0331424 0.0930391 -5.42802 0.471177 -0.0682469 0.104228 56.3136 0.425526 0.28056 2.82811 -0.0553613 -0.102952 0.806348 1.40145 0.849973 0.735452 -0.301326 0.0558381 -2.78522
146.331 0.258213 0.387601 2.18381 2.63659 -0.0385354 0.551572 0.228899 0.417604 2.26657 2.60392 -0.0106746 0.520877 -0.0293136 0.0300029 0.0827594 -0.0326631 0.0278608 -0.0306947 0.0927824 3.05031 0.422471 0.299646 2.8242 -0.0563103 -0.10149 0.8275 1.394 0.878004 0.732469 -0.2946 0.0747828 -2.77599
146.565 0.267815 0.388042 2.18145 2.65769 -0.03167 0.550729 0.235617 0.413415 2.23154 -2.80583 0.429594 0.529351 -0.0321976 0.0253727 0.0500944 -5.46352 0.461264 -0.0213784 0.0647295 53.7462 0.418954 0.31955 2.82043 -0.0571434 -0.100026 0.848356 1.38562 0.90722 0.729564 -0.287462 0.0933136 -2.76353
146.777 0.27942 0.388952 2.17847 2.6833 -0.0242503 0.545332 0.249422 0.416801 2.24595 2.67255 -0.082201 0.56108 -0.029998 0.0278493 0.0674757 -0.0107456 -0.0579507 0.0157481 0.0789205 3.48684 0.413588 0.347358 2.81562 -0.0581894 -0.0982227 0.87595 1.37285 0.948046 0.72573 -0.277234 0.117054 -2.74157
147.011 0.287868 0.390547 2.17622 2.70028 -0.0195463 0.53773 0.26111 0.422427 2.27119 2.61507 0.00037923 0.519669 -0.0267578 0.0318799 0.0949646 -0.0852055 0.0199255 -0.0180613 0.103685 5.12858 0.40908 0.369159 2.81214 -0.0585692 -0.0973234 0.896448 1.36203 0.98008 0.722822 -0.268938 0.133893 -2.72095
147.259 0.295372 0.391313 2.17425 2.71567 -0.0161068 0.527275 0.26959 0.420637 2.25047 2.74763 -0.118059 0.543643 -0.0257817 0.0293243 0.0762205 0.0319557 -0.101952 0.0163677 0.0856398 6.21129 0.404168 0.391738 2.80871 -0.0589633 -0.0961214 0.91679 1.35017 1.01333 0.719885 -0.259982 0.14978 -2.69675
147.628 0.30849 0.391026 2.17082 2.7419 -0.0121289 0.498135 0.292622 0.432021 2.3006 2.79295 -0.0486136 0.480833 -0.0158684 0.0409949 0.129775 0.0510414 -0.0364847 -0.0173025 0.137018 3.70507 0.393063 0.439049 2.80191 -0.0596481 -0.0933768 0.956966 1.32369 1.08367 0.714182 -0.239811 0.178851 -2.63811
147.821 0.316037 0.390414 2.16887 2.75593 -0.0109148 0.473175 0.295079 0.426204 2.2686 -2.93459 0.403674 0.416727 -0.0209578 0.0357902 0.0997302 -5.69052 0.414589 -0.0564479 0.108011 41.8793 0.38465 0.472026 2.79729 -0.059947 -0.0920029 0.983473 1.30431 1.13356 0.710621 -0.224668 0.196332 -2.59224
148.025 0.322794 0.389703 2.16721 2.76709 -0.0105412 0.444327 0.300458 0.423242 2.2543 2.72358 0.0827234 0.444122 -0.0223358 0.0335398 0.0870912 -0.0435095 0.0932645 -0.000205045 0.0959619 5.89601 0.375434 0.506048 2.79248 -0.0598801 -0.0912934 1.00954 1.2836 1.18588 0.707193 -0.2085 0.211955 -2.542
148.21 0.325855 0.389306 2.16647 2.77154 -0.0106516 0.428911 0.307952 0.426502 2.2758 -3.03762 0.439306 0.388314 -0.0179032 0.0371967 0.109332 -5.80916 0.449957 -0.0405966 0.116865 37.7104 0.370543 0.523429 2.79001 -0.0597776 -0.0911481 1.02239 1.27272 1.21291 0.705517 -0.200138 0.218907 -2.5156
148.597 0.336011 0.387611 2.16411 2.78157 -0.0118551 0.363492 0.320284 0.426698 2.28294 2.79677 -0.0590353 0.369539 -0.0157265 0.0390875 0.118829 0.015204 -0.0471802 0.00604742 0.126077 2.86485 0.34934 0.595202 2.78013 -0.0587289 -0.0918656 1.07262 1.22543 1.32569 0.699283 -0.16544 0.23952 -2.40518
148.814 0.337651 0.387191 2.16361 2.7819 -0.0125979 0.339153 0.324317 0.426757 2.28325 2.79833 -0.0581436 0.369392 -0.0133347 0.0395657 0.119636 0.0164351 -0.0455457 0.0302388 0.126712 3.28837 0.340769 0.622905 2.77673 -0.0588427 -0.0925951 1.09094 1.20624 1.36933 0.697329 -0.152086 0.243924 -2.36347
149.044 0.338984 0.387881 2.1631 2.78013 -0.0127118 0.315739 0.321542 0.419649 2.25051 2.84876 0.0684516 0.311812 -0.0174426 0.031768 0.0874091 0.0686209 0.0811634 -0.00392673 0.0946245 6.09712 0.331853 0.650948 2.77368 -0.0590101 -0.093895 1.10906 1.18638 1.41328 0.695659 -0.13863 0.246361 -2.32262
149.248 0.340555 0.389857 2.1626 2.77613 -0.0116929 0.293385 0.319672 0.416828 2.22983 2.89078 -0.11677 0.321735 -0.0208824 0.0269719 0.0672265 0.114652 -0.105077 0.0283499 0.0753854 9.13033 0.322589 0.679278 2.77117 -0.0588995 -0.09584 1.12706 1.16587 1.45721 0.694306 -0.125159 0.246651 -2.28331
149.477 0.342493 0.393158 2.16204 2.76985 -0.00935111 0.272883 0.328766 0.429051 2.27959 2.79539 -0.0652342 0.290731 -0.0137269 0.0358934 0.117552 0.0255359 -0.0558831 0.0178476 0.123674 3.68089 0.312983 0.70782 2.76923 -0.0585724 -0.0983005 1.14495 1.1447 1.50083 0.693238 -0.111813 0.244654 -2.24619
149.745 0.345828 0.399157 2.16109 2.75825 -0.00392439 0.249481 0.333181 0.436574 2.29159 -2.99423 0.315123 0.202798 -0.012647 0.0374168 0.130501 -5.75247 0.319047 -0.0466834 0.136346 35.8208 0.299669 0.746029 2.76747 -0.0580256 -0.101888 1.16869 1.11552 1.55807 0.692116 -0.0944221 0.238355 -2.20116
150.003 0.348326 0.403261 2.16061 2.74777 0.00187477 0.235568 0.326936 0.429441 2.22862 -3.00009 0.309296 0.221208 -0.0213896 0.0261794 0.0680061 -5.74786 0.307422 -0.0143595 0.0759454 35.3847 0.289299 0.774643 2.76664 -0.0577852 -0.104154 1.18669 1.09303 1.60005 0.691392 -0.0817761 0.231 -2.17142
150.263 0.353595 0.408461 2.15994 2.7318 0.0130295 0.222253 0.33219 0.436703 2.24224 2.79263 -0.0619484 0.260702 -0.0214051 0.0282418 0.0823004 0.0608329 -0.074978 0.0384486 0.0896054 5.98517 0.274922 0.812501 2.76606 -0.0569842 -0.106675 1.2111 1.06238 1.65447 0.690474 -0.0655837 0.218055 -2.13797
150.494 0.359542 0.412082 2.1593 2.71881 0.024181 0.216404 0.341804 0.446447 2.26714 2.69249 -0.0403432 0.232116 -0.0177381 0.034365 0.107842 -0.0263153 -0.0645241 0.0157118 0.114566 4.09003 0.263717 0.840504 2.76595 -0.0558337 -0.108127 1.22955 1.03896 1.69401 0.689762 -0.054038 0.206341 -2.11791
150.693 0.365285 0.41477 2.15913 2.70489 0.0373218 0.214018 0.344516 0.448199 2.2544 -3.01528 0.310197 0.169716 -0.0207685 0.0334287 0.0952624 -5.72017 0.272875 -0.0443029 0.103071 36.2381 0.25218 0.868039 2.76605 -0.0546307 -0.1092 1.24813 1.0152 1.73247 0.688997 -0.0431295 0.193244 -2.1024
150.934 0.372512 0.417218 2.15877 2.69078 0.0525809 0.21573 0.352705 0.452534 2.25638 -3.01878 0.312205 0.169057 -0.0198066 0.0353158 0.0976121 -5.70956 0.259624 -0.0466737 0.105677 36.5275 0.240375 0.895025 2.76628 -0.0531546 -0.109784 1.26673 0.990983 1.76986 0.68811 -0.0330621 0.178977 -2.09149
151.168 0.382227 0.418934 2.15872 2.67172 0.0756623 0.22375 0.350359 0.438727 2.18486 2.53085 0.0385273 0.233453 -0.0318677 0.0197928 0.0261409 -0.140871 -0.037135 0.00970268 0.0457236 8.39564 0.224358 0.93006 2.76673 -0.0507936 -0.109866 1.29148 0.957848 1.81815 0.686731 -0.0211868 0.158538 -2.08405
151.41 0.389856 0.418356 2.15898 2.65818 0.0947577 0.234114 0.364076 0.443902 2.21054 2.58357 0.139882 0.217558 -0.0257802 0.0255463 0.0515602 -0.0746095 0.0451239 -0.0165554 0.0630531 4.99049 0.212249 0.955575 2.76714 -0.0485959 -0.109073 1.31012 0.932293 1.85328 0.685584 -0.0135668 0.14253 -2.08355
151.644 0.3991 0.417604 2.15886 2.64548 0.115685 0.248307 0.378552 0.451506 2.24614 -2.92553 0.344154 0.189727 -0.0205477 0.0339017 0.0872874 -5.57101 0.228469 -0.0585799 0.0958677 43.6162 0.20016 0.980404 2.76762 -0.0458886 -0.107971 1.32883 0.906114 1.88756 0.684406 -0.00708864 0.126335 -2.08704
151.911 0.407934 0.417047 2.15878 2.63349 0.137683 0.265753 0.392659 0.456387 2.27049 -2.98403 0.223888 0.210129 -0.0152758 0.0393394 0.111705 -5.61752 0.0862055 -0.0556239 0.119411 39.1363 0.1882 1.00452 2.76819 -0.043025 -0.107011 1.34762 0.879352 1.92106 0.683237 -0.00166892 0.110291 -2.09407
152.196 0.418247 0.417434 2.15871 2.61887 0.168079 0.293745 0.390523 0.441028 2.19642 2.50341 0.203267 0.255654 -0.0277242 0.0235934 0.0377051 -0.115455 0.0351879 -0.0380916 0.0524115 6.87364 0.17267 1.03555 2.76912 -0.039532 -0.106155 1.37285 0.842866 1.96449 0.681694 0.00417838 0.0895499 -2.10804
152.434 0.423345 0.419144 2.15884 2.60892 0.190918 0.318236 0.403681 0.449193 2.23195 2.61442 0.181578 0.28905 -0.0196641 0.0300481 0.0731081 0.00549954 -0.0093399 -0.0291855 0.0814516 1.8376 0.161481 1.05798 2.76992 -0.0380033 -0.105962 1.3922 0.815 1.99613 0.680544 0.00774564 0.0747115 -2.12117
152.711 0.426608 0.421998 2.15906 2.59991 0.213766 0.344747 0.407047 0.448096 2.21926 -2.85093 0.197548 0.310671 -0.0195607 0.0260975 0.0601955 -5.45085 -0.0162177 -0.0340757 0.0684631 48.1324 0.150772 1.07971 2.77078 -0.03706 -0.106258 1.41199 0.786805 2.02688 0.679419 0.010805 0.0606121 -2.13582
152.945 0.430704 0.427476 2.15872 2.5902 0.244472 0.382911 0.411283 0.451555 2.21496 2.56821 0.192499 0.388392 -0.0194214 0.0240793 0.0562371 -0.0219945 -0.0519725 0.00548082 0.0641843 3.27489 0.137333 1.10763 2.77202 -0.0363131 -0.106777 1.43905 0.748753 2.06637 0.677969 0.0143245 0.0429967 -2.15647
153.2 0.432602 0.431619 2.15851 2.58464 0.266864 0.412308 0.423961 0.466239 2.26734 2.64388 0.21878 0.395493 -0.00864115 0.0346199 0.108837 0.0592435 -0.0480837 -0.0168156 0.114537 4.64874 0.127927 1.1278 2.77302 -0.0360366 -0.107056 1.45991 0.719876 2.09475 0.676884 0.0166916 0.0306769 -2.17179
153.419 0.434196 0.435504 2.15821 2.58067 0.288391 0.441602 0.43051 0.477357 2.29696 2.6496 0.223988 0.429436 -0.00368573 0.0418536 0.138744 0.0689271 -0.0644026 -0.0121661 0.144966 5.5757 0.119113 1.1473 2.77411 -0.0357164 -0.107068 1.48112 0.69068 2.12207 0.675814 0.0188327 0.0191702 -2.18607
153.624 0.434778 0.439008 2.15803 2.5781 0.308269 0.470243 0.423714 0.471524 2.25024 2.56279 0.288077 0.468024 -0.0110641 0.0325162 0.0922094 -0.0153081 -0.0201922 -0.00221855 0.0983986 1.43477 0.110896 1.16615 2.77532 -0.0356123 -0.106795 1.50269 0.661106 2.14838 0.674781 0.0206381 0.00855522 -2.19852
154.07 0.43267 0.448946 2.15738 2.57496 0.346418 0.530358 0.426925 0.487125 2.27254 2.56508 0.304732 0.49908 -0.00574552 0.0381794 0.115166 -0.0098734 -0.041686 -0.0312786 0.121465 2.93038 0.0940079 1.20775 2.77838 -0.0358844 -0.106565 1.55403 0.590277 2.20625 0.672344 0.0228543 -0.0124774 -2.2161
154.341 0.427263 0.456442 2.15723 2.57285 0.361167 0.557551 0.417639 0.484416 2.23463 -2.7266 0.153248 0.535049 -0.00962393 0.0279739 0.0773966 -5.29945 -0.207919 -0.0225019 0.0828577 57.8422 0.0857499 1.23013 2.78027 -0.0367897 -0.107257 1.58358 0.548347 2.23722 0.670882 0.0223929 -0.0222308 -2.21635
154.584 0.419895 0.460031 2.15796 2.57133 0.367192 0.574164 0.409782 0.485731 2.21215 2.49107 0.357619 0.536082 -0.0101128 0.0257002 0.0541902 -0.0802656 -0.00957349 -0.038082 0.0608223 4.36969 0.0801666 1.24629 2.78174 -0.038437 -0.106851 1.60586 0.516059 2.25945 0.66976 0.0210493 -0.0286164 -2.21083
154.894 0.41022 0.462194 2.15924 2.5695 0.368969 0.587276 0.41739 0.510777 2.30758 2.57062 0.324947 0.56655 0.00717064 0.0485826 0.148346 0.00111219 -0.0440219 -0.0207266 0.156263 2.79778 0.0750152 1.26195 2.78326 -0.0408396 -0.105727 1.62842 0.483026 2.28081 0.668602 0.0188557 -0.0343074 -2.19995
155.357 0.381332 0.467822 2.16302 2.56044 0.358555 0.600923 0.375197 0.496887 2.22053 -2.667 0.158795 0.58732 -0.00613475 0.0290649 0.0575092 -5.22745 -0.19976 -0.0136032 0.064728 61.6624 0.0639185 1.29699 2.78704 -0.0482664 -0.103303 1.68237 0.403092 2.32705 0.66576 0.0106222 -0.0453191 -2.15231
155.627 0.366793 0.469764 2.16498 2.55465 0.34769 0.599499 0.363628 0.501047 2.23723 2.5712 0.326486 0.604958 -0.00316514 0.0312831 0.0722534 0.0165473 -0.0212047 0.00545921 0.0787985 1.50896 0.0591654 1.31148 2.7888 -0.052212 -0.10197 1.70605 0.36765 2.34522 0.664543 0.00584507 -0.049209 -2.12208
155.842 0.347569 0.472041 2.1676 2.54535 0.327992 0.590249 0.341495 0.498742 2.21414 2.4672 0.347313 0.565988 -0.00607423 0.0267008 0.0465373 -0.0781526 0.019321 -0.0242605 0.0539958 4.36843 0.0523688 1.3304 2.79131 -0.0572219 -0.100102 1.73793 0.319395 2.3678 0.66295 -0.00151449 -0.0538078 -2.07275
156.374 0.321424 0.475118 2.17116 2.52868 0.288369 0.56109 0.310579 0.505803 2.22989 -2.7314 0.112369 0.568987 -0.010845 0.0306846 0.0587293 -5.26008 -0.176 0.00789729 0.0671438 59.3173 0.0402895 1.35819 2.79538 -0.0631838 -0.0972124 1.78558 0.244925 2.39786 0.660549 -0.0144291 -0.060002 -1.9806
157.552 0.265844 0.475505 2.17922 2.48221 0.125313 0.415015 0.257397 0.513255 2.28269 2.50356 0.0976588 0.470868 -0.008447 0.0377508 0.103466 0.0213468 -0.0276546 0.0558528 0.110461 3.6572 -0.0155015 1.43526 2.80813 -0.0747871 -0.0834067 1.92051 0.0237366 2.45844 0.654383 -0.057889 -0.0749097 -1.63488
158.183 0.235635 0.48519 2.18031 2.46165 0.0180932 0.316288 0.228871 0.536262 2.34839 2.53009 0.0425124 0.329121 -0.00676412 0.0510714 0.168084 0.0684343 0.0244192 0.0128338 0.175802 4.20673 -0.0694484 1.47973 2.81524 -0.0846831 -0.0788604 1.99662 -0.109895 2.48251 0.652482 -0.0810478 -0.079322 -1.41588
158.37 0.23223 0.488157 2.17993 2.45872 -0.000977359 0.297379 0.209467 0.512828 2.22904 2.39615 0.00639232 0.319657 -0.0227637 0.0246714 0.0491115 -0.0625748 0.00736968 0.0222789 0.0594879 3.83226 -0.082577 1.48835 2.81632 -0.0860302 -0.0783972 2.01123 -0.136648 2.48667 0.65203 -0.0846667 -0.0799799 -1.37453
158.576 0.229326 0.495821 2.17841 2.4533 -0.0347042 0.261118 0.209873 0.529649 2.27616 2.42529 0.0641839 0.261137 -0.0194524 0.0338285 0.0977548 -0.0280187 0.0988881 1.96811e-05 0.105256 5.88876 -0.111318 1.50517 2.8181 -0.0875057 -0.0782044 2.03975 -0.190009 2.49437 0.650939 -0.0903601 -0.081569 -1.29632
158.738 0.231067 0.503685 2.17647 2.44901 -0.0552113 0.235586 0.207295 0.537002 2.26938 2.4361 -0.0134611 0.254085 -0.0237719 0.0333166 0.0929155 -0.0129081 0.0417502 0.018499 0.10153 2.70892 -0.135035 1.51734 2.81921 -0.087244 -0.0789538 2.06035 -0.229838 2.49957 0.649981 -0.0930487 -0.0833001 -1.24249
159.007 0.236511 0.516255 2.17313 2.44259 -0.0759942 0.205331 0.21408 0.558157 2.31388 -2.87604 0.363057 0.124995 -0.0224304 0.0419021 0.140746 -5.31863 0.439052 -0.0803362 0.148554 61.0704 -0.169389 1.53285 2.82055 -0.0861402 -0.08066 2.08684 -0.282557 2.50574 0.648584 -0.0941477 -0.0867212 -1.17853
159.196 0.240058 0.523089 2.17127 2.43901 -0.0834212 0.192222 0.215004 0.557211 2.2669 2.43371 -0.0992334 0.198939 -0.0250537 0.0341219 0.0956216 -0.00530018 -0.0158122 0.00671629 0.104573 1.01952 -0.187651 1.54023 2.8212 -0.0854905 -0.0816463 2.09975 -0.308698 2.50848 0.64784 -0.0934928 -0.0890381 -1.1503
159.473 0.247901 0.539195 2.16704 2.43011 -0.0918471 0.170883 0.224275 0.573568 2.28066 2.49537 -0.0928189 0.174569 -0.0236254 0.0343732 0.113617 0.0652654 -0.000971782 0.00368539 0.121031 3.76515 -0.226135 1.55416 2.82261 -0.0844334 -0.0843926 2.12509 -0.360464 2.51319 0.6463 -0.0894906 -0.0951546 -1.10213
159.697 0.257063 0.557609 2.1623 2.41874 -0.0909104 0.15628 0.224971 0.574791 2.22185 -2.9134 0.356951 0.0589852 -0.0320918 0.0171826 0.0595459 -5.33214 0.447861 -0.0972944 0.0697914 60.7177 -0.266934 1.56677 2.82439 -0.083387 -0.0877475 2.14978 -0.411524 2.51668 0.644778 -0.0816736 -0.103668 -1.06579
159.929 0.266632 0.57074 2.15865 2.40932 -0.0831158 0.149418 0.226961 0.574789 2.15487 2.30877 -0.103101 0.193534 -0.0396717 0.00404876 -0.0037793 -0.100552 -0.019985 0.0441159 0.0400565 6.17876 -0.29881 1.57526 2.82603 -0.0817235 -0.0896845 2.16777 -0.44937 2.51836 0.643714 -0.0731771 -0.111853 -1.0467
160.126 0.277627 0.58267 2.15519 2.3991 -0.0692986 0.146102 0.242655 0.600833 2.19495 2.33323 -0.0553052 0.13699 -0.0349725 0.018163 0.0397562 -0.0658738 0.0139935 -0.00911207 0.0559779 3.92506 -0.331569 1.58286 2.828 -0.079475 -0.0909938 2.18546 -0.486877 2.51916 0.642764 -0.0623642 -0.121621 -1.03476
160.872 0.323291 0.618333 2.14381 2.35922 0.020996 0.160968 0.295965 0.661622 2.25971 -2.8627 0.328454 0.0567269 -0.027326 0.0432887 0.115906 -5.22192 0.307458 -0.104241 0.126708 64.3179 -0.444475 1.60172 2.83621 -0.0688112 -0.0922948 2.24413 -0.609901 2.51506 0.640002 -0.00781186 -0.163577 -1.04602
161.076 0.3372 0.629392 2.14031 2.34526 0.0603473 0.172552 0.307864 0.658689 2.20889 2.32958 0.020552 0.16256 -0.0293364 0.0292969 0.0685797 -0.0156724 -0.0397953 -0.0099926 0.0801381 2.50827 -0.478669 1.60564 2.83912 -0.0653967 -0.0924735 2.26206 -0.646418 2.51147 0.639205 0.0144934 -0.178277 -1.06386
161.526 0.364824 0.658868 2.13164 2.30843 0.169471 0.209857 0.334443 0.683735 2.19332 2.28167 0.0566607 0.224383 -0.0303805 0.024867 0.0616765 -0.0267539 -0.11281 0.0145261 0.0731118 6.71598 -0.557383 1.61242 2.84673 -0.0579932 -0.0941135 2.30458 -0.732194 2.4978 0.637494 0.0759505 -0.214736 -1.12777
162.137 0.39264 0.698277 2.12032 2.25283 0.353542 0.279521 0.378097 0.742177 2.23073 2.22086 0.282871 0.263256 -0.0145424 0.0438995 0.110404 -0.0319732 -0.0706712 -0.016265 0.119698 4.42155 -0.663462 1.61766 2.85957 -0.0460222 -0.0961575 2.3671 -0.859491 2.46389 0.636749 0.179918 -0.266947 -1.25821
162.379 0.39542 0.709622 2.11753 2.23538 0.410317 0.302189 0.375932 0.740942 2.18488 -2.75967 0.130467 0.347585 -0.0194876 0.0313205 0.0673469 -4.99505 -0.27985 0.0453961 0.0767877 74.6367 -0.693048 1.61853 2.8639 -0.0429967 -0.0971266 2.38625 -0.899329 2.45032 0.637249 0.212962 -0.281774 -1.30172
162.63 0.393591 0.723757 2.11466 2.21113 0.483842 0.332174 0.384345 0.762546 2.20513 2.21681 0.399397 0.331042 -0.00924603 0.0387891 0.0904676 0.00567977 -0.0844442 -0.00113202 0.0988659 4.85155 -0.730549 1.61932 2.86993 -0.0399616 -0.0986017 2.41221 -0.95376 2.42987 0.638558 0.257079 -0.30098 -1.35949
162.831 0.387992 0.733524 2.11321 2.19176 0.53596 0.353595 0.381415 0.77685 2.20544 -2.69333 0.0456653 0.431216 -0.00657732 0.0433266 0.0922295 -4.8851 -0.490295 0.0776203 0.102111 82.9626 -0.757119 1.61968 2.87461 -0.0385898 -0.0998273 2.43203 -0.995483 2.41286 0.640058 0.289679 -0.315245 -1.40112
163.467 0.349867 0.755594 2.11347 2.11493 0.679768 0.406587 0.349623 0.803943 2.20501 2.11983 0.640687 0.366768 -0.000244535 0.0483491 0.0915345 0.00489872 -0.0390817 -0.0398191 0.103519 3.32908 -0.8358 1.61902 2.89071 -0.0371939 -0.103369 2.49963 -1.13851 2.34693 0.648369 0.38982 -0.366686 -1.51405
163.735 0.335456 0.756803 2.11546 2.08763 0.710773 0.414177 0.334863 0.813658 2.21567 2.07584 0.676769 0.364013 -0.000593727 0.0568542 0.100212 -0.0117823 -0.034004 -0.0501632 0.115218 3.16694 -0.856546 1.61807 2.89532 -0.0368606 -0.103415 2.52002 -1.18194 2.32484 0.651593 0.415975 -0.384866 -1.53647
164.33 0.285904 0.744131 2.12788 1.97742 0.762478 0.404351 0.264497 0.745922 2.05386 -2.44515 -0.168123 0.687119 -0.0214068 0.00179105 -0.0740286 -4.42258 -0.930601 0.282768 0.0770824 111.637 -0.917774 1.6121 2.90915 -0.0353173 -0.0993397 2.58901 -1.32307 2.24552 0.663119 0.486181 -0.462958 -1.56049
168.871 0.154318 0.765633 2.14298 1.76229 -0.334513 0.105483 0.129725 0.838443 2.30196 1.75028 -0.306222 0.115381 -0.0245935 0.0728108 0.158978 -0.0120109 0.0282904 0.00989755 0.176579 1.78224 -1.34655 1.36831 2.92406 -0.0526668 -0.0880754 3.04731 -1.9578 1.65731 0.652326 -0.370109 -0.702074 0.258298
170.301 0.191514 0.783647 2.1338 1.87124 -0.191261 0.306993 0.176073 0.883725 2.34605 -2.64839 0.477384 -0.0217171 -0.0154404 0.100079 0.212242 -4.51963 0.668645 -0.32871 0.235161 109.873 -1.50275 1.18995 2.90766 -0.020898 -0.0908624 -3.09627 -2.14524 1.33709 0.624458 -0.383919 -0.610861 0.131089
170.74 0.193149 0.78721 2.13442 1.88714 -0.0940852 0.397306 0.173973 0.858328 2.2749 1.89479 -0.129371 0.357673 -0.0191759 0.0711178 0.140477 0.00765065 -0.0352854 -0.0396326 0.158617 3.03538 -1.53556 1.14861 2.90568 -0.0122035 -0.0911992 -3.06424 -2.18237 1.25118 0.618727 -0.36339 -0.627375 0.020381
170.993 0.191655 0.791261 2.13434 1.89782 -0.0218533 0.464473 0.174082 0.863819 2.27629 1.9033 -0.0316352 0.394616 -0.0175732 0.0725577 0.141942 0.00548349 -0.00978198 -0.0698569 0.160378 4.04545 -1.55625 1.12294 2.90447 -0.00709984 -0.0919324 -3.04257 -2.20424 1.19452 0.615245 -0.344695 -0.644663 -0.0645873
171.421 0.179444 0.802669 2.1326 1.9178 0.10811 0.593766 0.161833 0.854261 2.23058 1.89686 0.0714351 0.506761 -0.0176106 0.051592 0.0979829 -0.0209454 -0.0366747 -0.0870041 0.112127 5.44323 -1.59029 1.08214 2.90227 -0.00234158 -0.0946264 -3.00323 -2.23693 1.0985 0.610063 -0.304334 -0.68252 -0.225302
171.612 0.170807 0.810068 2.13079 1.92646 0.161926 0.652104 0.154887 0.868421 2.24826 -2.47532 0.408642 0.494982 -0.0159197 0.0583532 0.117469 -4.40178 0.246716 -0.157122 0.132127 111.182 -1.60398 1.06623 2.9013 -0.00209152 -0.0966783 -2.98575 -2.24868 1.05915 0.608281 -0.285365 -0.700548 -0.295092
171.832 0.16001 0.817515 2.12889 1.9353 0.213184 0.711795 0.144078 0.872356 2.23325 -2.45367 0.381784 0.617734 -0.015932 0.054841 0.104359 -4.38897 0.1686 -0.0940614 0.118963 110.481 -1.61705 1.05115 2.9003 -0.00288854 -0.0987156 -2.96792 -2.25906 1.02116 0.606745 -0.26642 -0.719231 -0.363066
172.498 0.120063 0.833316 2.12453 1.9627 0.346198 0.906747 0.100427 0.875607 2.18653 1.91191 0.31999 0.845006 -0.0196368 0.0422907 0.0619955 -0.0507875 -0.0262078 -0.0617401 0.0775729 4.06206 -1.65503 1.00499 2.89659 -0.0108351 -0.101023 -2.90627 -2.2843 0.90615 0.603089 -0.216021 -0.784735 -0.553993
172.714 0.107113 0.833692 2.12467 1.96999 0.378209 0.978376 0.0861899 0.861203 2.14124 1.89571 0.357193 0.883671 -0.0209236 0.027511 0.0165674 -0.0742829 -0.0210157 -0.0947051 0.0383292 5.69127 -1.66746 0.987258 2.89506 -0.0148192 -0.0991288 -2.88052 -2.29079 0.865676 0.602073 -0.208058 -0.812392 -0.604766
172.994 0.099304 0.832373 2.12544 1.97228 0.393077 1.02754 0.0805621 0.924237 2.30033 1.97906 0.308235 0.963013 -0.0187419 0.0918644 0.174884 0.0067792 -0.0848423 -0.0645301 0.19843 6.19916 -1.67573 0.973827 2.89397 -0.0179894 -0.0968993 -2.86065 -2.29451 0.837461 0.60143 -0.209251 -0.833726 -0.629652
179.873 0.103857 0.845387 2.12474 1.75952 -0.0553258 -0.102036 0.0759578 0.898812 2.20125 1.77952 -0.13667 -0.0153014 -0.0278997 0.0534249 0.0765036 0.0199988 -0.0813445 0.0867351 0.0973931 6.98629 -1.84949 0.226144 2.85703 -0.0538695 -0.0872067 -2.11339 -2.31685 -0.143384 0.551818 0.0932875 -0.778726 1.07341